0
0
0
0
0
0
0
0
0
0
0
0
0
0
0
0
0
0
0
0
0
0
0
0
0
0
0
0
0
0
0
0
0
0
0
0
0
0
0
0
0
0
0
0
0
0
0
0
0
0
0
0
0
0
0
0
0
0
0
0
0
0
0
0
0
0
0
0
0
0
0
0
0
0
0
0
0
0
0
0
0
0
0
0
0
0
0
0
0
0
0
0
0
0
0
0
0
0
0
0
0
0
0
0
0
0
0
0
0
0
0
0
0
0
0
0
0
0
0
0
0
0
0
0
0
0
0
0
0
0
0
0
0
0
0
0
0
0
0
0
0
4
4
0
4
4
2
5
4
3
4
5
6
8
10
6
7
4
7
5
8
5
8
12
4
8
6
9
7
14
9
12
10
6
15
8
9
6
8
10
10
14
9
15
8
3
16
12
12
15
15
6
12
10
6
10
10
13
7
12
6
7
7
6
14
10
12
17
7
16
13
13
9
11
12
8
12
10
7
9
16
6
11
7
12
13
7
16
6
6
7
12
6
15
9
7
9
11
12
7
6
13
8
13
14
9
11
13
10
12
8
11
