0
0
0
0
0
0
0
0
0
0
0
0
0
0
0
0
0
0
0
0
0
0
0
0
0
0
0
0
0
0
0
0
0
0
0
0
0
0
0
0
0
0
0
0
0
0
0
0
0
0
0
0
0
0
0
0
0
0
0
0
0
0
0
0
0
0
0
0
0
0
0
0
0
0
0
0
0
0
0
0
0
0
0
0
0
0
0
0
0
0
0
0
0
0
0
0
0
0
0
0
0
0
0
0
0
0
0
0
0
0
0
0
0
0
0
0
0
0
0
0
0
0
0
0
0
0
0
0
0
0
0
0
0
0
0
0
0
0
0
0
0
0
0
0
1
1
0
4
1
1
3
3
1
3
7
3
3
4
8
4
8
7
8
10
9
2
5
4
6
8
4
2
6
6
7
4
9
8
7
10
12
8
7
8
9
8
9
7
9
12
4
6
5
6
6
5
10
11
6
7
12
5
6
10
16
9
14
8
6
7
1
5
8
2
8
4
3
2
6
6
7
5
6
4
3
6
10
10
6
12
8
11
3
5
6
9
8
7
12
9
9
9
11
6
8
11
8
12
7
8
4
9
10
9
7
8
7
6
4
6
4
11
8
8
5
11
9
2
6
6
7
12
8
10
5
6
3
4
6
3
7
9
12
11
10
7
4
20
10
7
5
11
4
5
5
11
10
9
7
11
9
4
10
7
6
10
10
12
3
10
3
6
14
11
8
14
2
9
14
5
4
13
9
8
12
8
6
2
9
14
7
5
5
8
6
6
5
11
8
5
8
9
8
6
10
5
4
7
6
7
