0
0
0
0
0
0
0
0
0
0
0
0
0
0
0
0
0
0
0
0
0
0
0
0
0
0
0
0
0
0
0
0
0
0
0
0
0
0
0
0
0
0
0
0
0
0
0
0
0
0
0
0
0
0
0
0
0
0
0
0
0
0
0
0
0
0
0
0
0
0
0
0
0
0
0
0
0
0
0
0
0
0
0
0
0
0
0
0
0
0
0
0
0
0
0
0
0
0
0
0
0
0
0
0
0
0
0
0
0
0
0
0
0
0
0
0
0
0
0
0
0
0
0
0
0
0
0
0
0
0
0
0
0
0
0
0
0
0
0
0
0
0
3
2
3
4
5
2
1
1
2
2
1
4
5
0
2
3
1
0
6
3
5
3
6
4
5
2
4
4
5
4
3
3
5
5
4
2
4
2
6
2
3
7
5
6
5
4
5
9
3
4
6
3
3
6
7
2
5
1
9
4
4
2
4
12
6
4
5
5
3
6
9
4
5
5
5
3
7
4
6
4
5
4
6
3
4
9
1
9
2
3
4
4
5
8
4
10
6
5
4
7
3
8
8
9
3
7
5
4
2
8
5
2
5
4
4
3
8
4
2
7
4
0
5
2
5
4
3
8
4
11
3
3
7
4
1
4
3
5
6
4
3
3
8
5
10
4
7
4
3
4
6
4
7
6
3
9
4
5
3
10
6
4
4
10
5
5
6
3
4
5
1
9
4
3
3
4
9
4
6
4
5
7
5
9
6
7
3
7
3
6
4
5
0
7
4
5
2
6
3
8
3
3
5
5
4
10
9
1
