0
0
0
0
0
0
0
0
0
0
0
0
0
0
0
0
0
0
0
0
0
0
0
0
0
0
0
0
0
0
0
0
0
0
0
0
0
0
0
0
0
0
0
0
0
0
0
0
0
0
0
0
0
0
0
0
0
0
0
0
0
0
0
0
0
0
0
0
0
0
0
0
0
0
0
0
0
0
0
0
0
0
0
0
0
0
0
0
0
0
0
0
0
0
0
0
0
0
0
0
0
0
0
0
0
0
0
0
0
0
0
0
0
0
0
0
0
0
0
0
0
0
0
0
0
0
0
0
0
0
0
0
0
0
0
0
0
0
0
0
0
0
0
0
0
0
0
0
0
0
5
3
7
8
5
6
5
11
3
8
10
5
5
7
9
11
11
11
15
10
10
14
18
6
6
10
5
6
8
18
10
12
7
18
9
13
7
9
7
4
12
10
12
8
14
14
12
11
9
6
4
9
11
11
10
14
10
11
7
6
11
12
6
7
10
15
12
14
12
11
7
17
10
11
5
6
12
5
14
5
8
7
12
16
8
12
14
12
10
9
15
9
10
10
