0
0
0
0
0
0
0
0
0
0
0
0
0
0
0
0
0
0
0
0
0
0
0
0
0
0
0
0
0
0
0
0
0
0
0
0
0
0
0
0
0
0
0
0
0
0
0
0
0
0
0
0
0
0
0
0
0
0
0
0
0
0
0
0
0
0
0
0
0
0
0
0
0
0
0
0
0
0
0
0
0
0
0
0
0
0
0
0
0
0
0
0
0
0
0
0
0
0
0
0
0
0
0
0
0
0
0
0
0
0
0
0
0
0
0
0
0
0
0
0
0
0
0
0
0
0
0
0
0
0
0
0
0
0
0
0
0
0
0
0
1
5
4
3
11
7
9
6
8
11
6
7
5
5
16
14
16
7
10
12
7
11
14
7
10
14
10
12
18
12
14
11
16
12
13
10
16
19
11
11
13
16
13
14
12
12
18
10
17
18
16
10
17
11
10
13
17
10
15
16
13
12
14
17
14
14
6
18
11
17
19
13
12
14
12
16
11
19
21
20
14
20
16
17
21
15
21
14
11
13
11
17
10
20
15
20
9
9
12
10
9
10
14
16
17
13
13
16
9
14
17
17
17
13
12
16
13
7
15
17
15
7
14
11
18
13
17
19
11
13
20
15
15
14
17
16
16
6
18
23
14
13
16
16
25
12
15
9
20
21
11
9
12
13
21
10
14
16
6
15
16
7
14
11
16
15
19
17
13
13
20
11
19
11
15
9
6
9
14
11
15
13
27
14
15
21
16
14
5
14
12
18
15
10
18
16
8
18
11
14
13
21
19
12
13
14
11
10
20
18
