37.54302451457676
4.080349098334327
3.3192114874000693
2.9217369132993225
2.685050565505663
2.532631549383115
2.4287386697329136
2.3546252786281237
2.2992048399213427
2.256225919312651
2.2217555984614195
2.1932244267751715
2.1689041281939176
2.1476645839005077
2.128686866142214
2.111459641893228
2.0955942354218893
2.0808650559575024
2.0669901078372255
2.0538528659893123
2.0413539598588293
2.0294241873543912
2.018009058892625
2.007066758142854
1.9965546614465854
1.9864503848617043
1.9767363174556418
1.967381852667068
1.9583700211865531
1.9496834303643387
1.941307786910451
1.9332312645027505
1.9254402114592764
1.917921169271416
1.9106598290776564
1.903648457112472
1.8968749529527411
1.890329504745842
1.8840034461206439
1.8778876707645502
1.8719741167307418
1.8662533281817075
1.8607168913678998
1.8553570325854072
1.8501673659459632
1.8451406248152313
1.8402698784058598
1.8355486298699375
1.8309699405856528
1.8265268269897748
1.8222193135969624
1.8180393761675855
1.8139842574938496
1.8100493863304425
1.8062297896736579
1.8025207727811725
1.79891822163562
1.7954178781958139
1.792016178439532
1.7887096859103377
1.785495056861213
1.7823691333987224
1.7793293785324595
1.7763723942025256
1.7734950468682984
1.770693997014492
1.7679666067585842
1.76531211500602
1.7627278865943719
1.7602114862870175
1.75776084808373
1.75537441795166
1.7530491449506405
1.7507834379391498
1.7485754034748433
1.7464235950605136
1.7443262718113826
1.7422817915887479
1.7402885431912196
1.738345245717044
1.7364504323824468
1.7346029250404984
1.7328012506093882
1.7310443157769029
1.7293308379678498
1.7276597560884193
1.726030021023405
1.7244404948299044
1.7228901783833834
1.72137804405966
1.7199032061443458
1.7184647338972374
1.7170617229799119
1.7156933815902928
1.7143587953566848
1.7130571969702972
1.7117876557161733
1.7105496571107148
1.7093422509861649
1.7081648104526965
1.7070165377789848
1.705896714079582
1.7048045509803957
1.703739337129065
1.7027003129511054
1.701686643843571
1.7006975359721075
1.699732211207421
1.6987897878579863
1.6978693994823877
1.696970141330079
1.696091027535948
1.6952311142926644
1.6943893643030565
1.6935648145565827
1.692756452121885
1.6919632184927513
1.6911842221220243
1.6904184187625797
1.6896649506680717
1.6889229147828173
1.688191584661186
1.6874702625608107
1.6867583810796303
1.6860553395337525
1.6853609361283117
1.684674365438755
1.6839959133971893
1.6833252448542246
1.6826624756529065
1.682007399867464
1.6813600933889397
1.6807206677334423
1.6800891529667468
1.6794656433639483
1.678850357741705
1.6782432336198279
1.677644493077606
1.6770540824391174
1.6764720658220453
1.6758985219551894
1.675333415855797
1.6747767256141257
1.6742283889245586
1.673688329512907
1.6731565097241512
1.6726327610169105
1.6721169856321134
1.671609071237003
1.6711089249126811
1.6706163818824307
1.6701312290886154
1.6696534957055567
1.6691828714849668
1.6687192715917327
1.668262667892555
1.6678128258367215
1.6673695936470387
1.6669329261396302
1.6665026335693691
1.6660786393561093
1.6656608246839542
1.6652490926435244
1.6648432810114295
1.6644433165742751
1.664049088678145
1.663660525207398
1.663277470500085
1.6628999036618644
1.6625276689853585
1.6621607185229896
1.661798875009096
1.6614421581885674
1.6610904743205737
1.6607436844006018
1.6604017369003374
1.6600645399308978
1.6597320164687734
1.6594040596639108
1.6590807141921728
