38.63358154615275
4.662384973119021
3.7529354364382708
3.2890352543248893
3.0155024056920827
2.8388062325011068
2.7168549779519937
2.6282032348064246
2.5610434412878034
2.508378837721859
2.46572224746421
2.4302120139918872
2.3999091118119487
2.373476086346406
2.3500151907005566
2.3288699590965
2.3095873305335863
2.291824400688322
2.2753260286422847
2.259906220297911
2.2454063545184706
2.2317158408696653
2.218741961921016
2.2064197402737777
2.1946933894066487
2.1835005668289362
2.172813378063222
2.162594101257898
2.1528125688268314
2.1434348247182062
2.134435865198332
2.125790062134967
2.1174830644182596
2.1094966219707394
2.1018134067964853
2.0944168588968988
2.087293249576776
2.080427037811051
2.073807570238941
2.0674225222740374
2.0612605089603635
2.055311047731883
2.049563867572472
2.0440108653391924
2.038643253680439
2.0334526866901497
2.0284314752754695
2.0235724674031563
2.018868197696345
2.014312717796585
2.0099007909943696
2.0056253688083543
2.001481097755846
1.9974627450762432
1.9935654665352567
1.9897846751137238
1.9861156985444979
1.9825541534027546
1.9790963262523191
1.9757382328791868
1.9724763758060597
1.9693070565685018
1.9662271497537507
1.9632336453023438
1.960323537637065
1.9574939688543378
1.954742243554838
1.9520657871843519
1.9494620667303526
1.9469287360787504
1.9444636614192328
1.9420644579501103
1.9397291430806007
1.9374557449633474
1.9352422400850793
1.9330868304217415
1.930987881602145
1.9289438514301656
1.9269539191969907
1.925015875638499
1.9231278472469733
1.9212884923455158
1.9194965668276258
1.9177508428237426
1.9160500962383031
1.9143931815226416
1.912778955060048
1.9112063329936215
1.9096743106037959
1.908181783406239
1.906727863749348
1.905311583896647
1.9039320186089868
1.9025882708657227
1.901279518896638
1.9000048182955
1.8987633831796924
1.8975544726771163
1.8963772061678306
1.8952308510793008
1.894114538533775
1.8930274119180275
1.8919687450123548
1.8909376135511773
1.8899332929177415
1.88895480483465
1.8880013592106717
1.8870719440392882
1.8861656976843917
1.8852816618558865
1.8844188699729187
1.8835762267349818
1.88275283911966
1.8819476199557401
1.8811596418007386
1.8803878132126388
1.8796312217739006
1.878888920719989
1.8781599882241462
1.8774436032276398
1.8767389468869027
1.8760454257279653
1.8753623345635868
1.874689001843291
1.874025056223432
1.8733699391158105
1.8727233918084418
1.8720851595332348
1.8714549953533393
1.8708327949538242
1.8702184278414873
1.8696118449656298
1.8690130848484756
1.8684221123742233
1.867838915559026
1.8672635502976316
1.8666960663719123
1.866136551066135
1.8655849911364963
1.8650413883387573
1.8645057993690497
1.8639780935131494
1.8634583825159745
1.8629465479136216
1.8624426737966984
1.8619465633202967
1.8614581415445748
1.8609773560902552
1.8605041092569927
1.8600383299993068
1.8595798244194575
1.8591285390404653
1.8586843386636738
1.858247095278187
1.8578167107343417
1.8573930424299092
1.8569760189800146
1.8565654428275595
1.8561612309749982
1.855763249501808
1.8553713911370788
1.8549856272944076
1.85460572618036
1.8542316141707862
1.8538632108912143
1.853500413090464
1.8531430518003955
1.8527911239307855
1.8524444971173653
1.852103039114194
1.8517667029488287
1.8514354085889375
1.8511090210185392
1.8507875169179449
1.8504707527993933
1.8501586643658567
1.849851214781451
1.8495482502016198
1.8492497719390206
1.8489556003653664
1.8486658072505984
1.8483801654801622
1.8480987628425225
1.8478214002062299
1.847548086149151
1.847278667739914
1.8470131967806136
1.8467515239532142
1.846493608722867
1.8462394037380294
1.845988808155468
1.8457418326815462
1.8454983373900473
1.8452583467816885
1.8450217370365742
1.8447885257531613
1.84455856150661
1.8443318495034042
1.8441083574405648
1.8438879437489535
1.8436706731199533
1.8434563948719453
1.8432451566011956
1.8430368591984458
1.8428314316714447
1.8426288936939708
1.8424291137739923
1.8422320781564945
1.8420377809507666
1.8418461928269911
1.8416572248177567
1.8414708353208458
1.8412869849130171
1.841105623025334
1.8409267580097843
1.840750323250883
1.8405762833424755
1.8404046131828173
1.8402352360498115
1.8400681368814515
1.8399033021975542
1.8397406900839324
1.8395802423001455
1.8394219491980168
1.83926573242216
1.8391116280171254
1.8389595659860332
1.8388094932649754
1.8386614272039143
1.8385153101524403
1.838371119806919
1.83822881892569
1.83808834818652
1.8379498040434887
1.8378130258119754
1.8376780395587369
1.8375447345130675
1.8374132206145755
1.837283384019282
1.8371552246526375
1.8370287384471535
1.8369038796476092
1.8367805870934226
1.8366588873303298
1.8365387537488411
1.8364201224834864
1.8363030385123806
1.8361874332522343
1.836073233829295
1.8359605445323666
1.8358492602431207
1.8357393616302669
1.8356308746521408
1.8355236937458925
1.8354178902518168
1.8353133965311226
1.8352101935522005
1.8351082538100372
1.8350075749765673
1.8349081817264574
1.8348099825606963
1.834713043113292
1.834617233784182
1.8345226485639683
