0
0
0
0
0
0
0
0
0
0
0
0
0
0
0
0
0
0
0
0
0
0
0
0
0
0
0
0
0
0
0
0
0
0
0
0
0
0
0
0
0
0
0
0
0
0
0
0
0
0
0
0
0
0
0
0
0
0
0
0
0
0
0
0
0
0
0
0
0
0
0
0
0
0
0
0
0
0
0
0
0
0
0
0
0
0
0
0
0
0
0
0
0
0
0
0
0
0
0
0
0
0
0
0
0
0
0
0
0
0
0
0
0
0
0
0
0
0
0
0
0
0
0
0
0
0
0
0
0
0
0
0
0
0
0
0
0
0
0
0
0
0
0
0
0
0
0
0
0
0
0
0
0
0
0
0
2
2
3
11
8
6
6
5
3
7
9
11
8
10
9
10
7
12
10
10
10
13
12
21
17
13
13
12
14
9
12
16
15
7
16
16
20
9
13
14
9
9
16
15
11
13
11
10
9
12
10
17
14
15
16
12
15
9
5
8
12
17
13
16
9
15
15
17
14
8
14
15
19
15
13
11
13
11
8
14
11
15
16
18
14
11
16
16
9
18
14
6
14
12
14
10
14
20
17
16
11
15
13
13
14
17
18
8
15
8
13
13
12
10
13
12
20
14
12
9
16
18
9
14
14
17
14
12
14
13
17
13
13
12
13
14
18
16
19
20
14
15
20
15
12
15
16
12
11
15
13
13
12
19
11
12
9
14
16
15
12
13
7
16
10
16
12
12
19
14
14
18
16
18
16
16
14
12
11
15
13
19
13
9
11
16
11
12
14
21
15
19
14
11
