0
0
0
0
0
0
0
0
0
0
0
0
0
0
0
0
0
0
0
0
0
0
0
0
0
0
0
0
0
0
0
0
0
0
0
0
0
0
0
0
0
0
0
0
0
0
0
0
0
0
0
0
0
0
0
0
0
0
0
0
0
0
0
0
0
0
0
0
0
0
0
0
0
0
0
0
0
0
0
0
0
0
0
0
0
0
0
0
0
0
0
0
0
0
0
0
0
0
0
0
0
0
0
0
0
0
0
0
0
0
0
0
0
0
0
0
0
0
0
0
0
0
0
0
2
7
8
7
3
9
2
8
4
7
4
5
4
7
6
14
6
5
5
3
5
8
10
6
5
15
10
14
6
11
10
6
5
9
16
11
9
14
15
13
11
11
9
10
16
7
11
11
16
10
18
12
17
18
11
16
12
9
25
14
10
12
16
18
12
13
16
12
16
19
14
16
12
10
17
18
17
18
20
12
17
17
20
10
13
14
11
19
12
5
22
13
19
17
14
14
10
18
14
19
15
20
12
23
16
12
20
17
12
15
19
7
20
19
22
23
19
19
10
15
