0
0
0
0
0
0
0
0
0
0
0
0
0
0
0
0
0
0
0
0
0
0
0
0
0
0
0
0
0
0
0
0
0
0
0
0
0
0
0
0
0
0
0
0
0
0
0
0
0
0
0
0
0
0
0
0
0
0
0
0
0
0
0
0
0
0
0
0
0
0
0
0
0
0
0
0
0
0
0
0
0
0
0
0
0
0
0
0
0
0
0
0
0
0
0
0
0
0
0
0
0
0
0
0
0
0
0
0
0
0
0
0
0
0
0
0
0
0
0
0
0
0
0
0
0
0
0
0
0
0
0
0
0
0
0
0
0
0
0
2
3
3
3
4
5
5
1
5
2
6
2
5
1
1
6
6
2
3
3
5
3
3
3
10
4
7
10
1
7
3
5
3
2
8
11
8
7
5
6
4
5
5
4
5
5
5
8
6
3
5
5
4
2
4
6
3
5
5
6
6
6
1
6
4
2
6
4
9
7
7
7
6
6
3
4
10
10
4
2
5
4
5
5
6
14
4
5
2
4
5
3
3
5
4
8
4
6
5
8
5
7
5
5
6
6
10
8
7
5
6
3
8
4
8
4
2
2
5
12
5
7
7
4
3
7
5
5
6
8
3
9
3
4
5
8
4
2
6
6
6
6
3
4
6
8
4
7
6
4
6
4
6
10
4
3
5
5
5
5
1
6
1
8
4
3
3
4
7
5
8
9
4
5
7
3
7
6
5
3
3
4
6
5
4
6
3
6
5
5
0
2
6
5
11
3
2
7
4
3
12
7
6
8
4
5
5
6
3
6
2
