0
0
0
0
0
0
0
0
0
0
0
0
0
0
0
0
0
0
0
0
0
0
0
0
0
0
0
0
0
0
0
0
0
0
0
0
0
0
0
0
0
0
0
0
0
0
0
0
0
0
0
0
0
0
0
0
0
0
0
0
0
0
0
0
0
0
0
0
0
0
0
0
0
0
0
0
0
0
0
0
0
0
0
0
0
0
0
0
0
0
0
0
0
0
0
0
0
0
0
0
0
0
0
0
0
0
0
0
0
0
0
0
0
0
0
0
0
0
0
0
0
0
0
0
0
0
0
0
0
0
0
0
0
0
0
0
0
5
5
1
5
8
10
9
7
10
8
11
6
12
6
7
11
12
16
10
18
7
13
9
19
6
19
19
16
15
12
18
9
8
13
13
14
14
17
12
16
12
20
18
19
13
16
16
16
15
18
16
15
13
12
20
15
19
21
20
17
16
16
10
9
14
17
11
20
12
16
25
22
19
13
18
13
13
15
20
11
13
13
10
16
19
7
22
21
26
22
18
17
10
17
19
15
14
16
23
12
30
9
12
13
14
10
18
12
14
15
16
15
17
18
20
15
14
15
17
16
13
8
15
11
19
16
13
17
11
17
19
11
17
16
19
18
14
15
21
14
14
14
13
17
12
18
20
21
16
22
16
16
11
15
14
20
15
14
15
17
12
15
17
12
13
