-6.0 0.09999998745281255
-5.900658270880611 0.09952438133451215
-5.799407351421746 0.09843176574020038
-5.696752654263045 0.09704043479743503
-5.592500330246857 0.09557105884521791
-5.4866099690389225 0.09416416237815291
-5.379148717754557 0.09288805901936498
-5.270218796966042 0.09175406972262302
-5.159929468449711 0.09075684685579152
-5.0483837686227115 0.08987992352271813
-4.935666607961041 0.08910412496842259
-4.821856096097172 0.08841712274873996
-4.70701311213603 0.0878025683248644
-4.591191957511851 0.08725106396884111
-4.474440995576635 0.08675564076197442
-4.356798515134338 0.08630693520786276
-4.238303213782628 0.085900521116914
-4.1189899111751656 0.08553328809645781
-3.9988871097210117 0.08519942191907033
-3.8780251985803718 0.08489581198650896
-3.7564321132722793 0.08462030663901834
-3.6341339745168826 0.08437066814206153
-3.5111536397215097 0.08414357561157212
-3.387517435541911 0.08393761403341908
-3.263248658557646 0.08375133107859035
-3.138368802296391 0.08358306859088196
-3.0128977009074656 0.08343074081014772
-2.8868559391224986 0.08329284342403497
-2.760264035936162 0.0831683499194331
-2.6331409626821203 0.08305616437329776
-2.5055042173758055 0.08295514799364823
-2.3773716776312415 0.0828641452488517
-2.2487603005852255 0.08278213451454271
-2.1196864036285104 0.08270827747963777
-1.9901659187655065 0.08264186971665839
-1.860214101448278 0.08258218868186208
-1.7298460212855498 0.08252854198285961
-1.5990747819453472 0.08248024801507191
-1.4679151132579848 0.08243673408113882
-1.3363810572734203 0.08239756198542908
-1.2044837547668725 0.08236232673799458
-1.0722361624230525 0.0823306666437338
-0.9396498910211738 0.08230228214857223
-0.8067359491564643 0.08227692312900108
-0.6735012040645367 0.08225429167826692
-0.5399646944076265 0.08223414956442152
-0.40613336655151694 0.08221619556445567
-0.2720127788734757 0.08220014321331129
-0.13761352420728368 0.08218577628986039
-0.0029432667385231237 0.08217290623832386
0.13198504697341557 0.08216141229387958
0.267161755454333 0.0821511750332869
0.40257739919093377 0.08214207730301017
0.5382381746041446 0.0821339898266711
0.674119585816599 0.0821268610162292
0.8102173861866009 0.08212059403242991
0.9465219403434022 0.08211508609915799
1.0830369935563464 0.08211025759450864
1.2197568880485001 0.08210606005149806
1.356669188755651 0.08210244316960388
1.493766285616326 0.0820993240128776
1.6310580580355707 0.08209662569291029
1.7685234340086984 0.0820943152805544
1.9061483200982594 0.08209233725243806
2.0439259941538417 0.08209063982594873
2.1818639345732564 0.0820891575290797
2.3199628601332356 0.0820878550673785
2.458209193608065 0.08208670744318992
2.596604420856309 0.08208567912428895
2.735146542774475 0.08208474890853307
2.873847799820573 0.0820839314996091
3.0126774280608526 0.08208321535559364
3.1516614470624784 0.08208255910501783
3.290765404837733 0.08208193983088057
3.429956275441989 0.08208133972398275
3.5692508630342745 0.08208071794491499
3.708696194476359 0.0820800522115561
3.848259374056954 0.08207936159220415
3.987924021731601 0.08207862943582565
4.127697593589625 0.08207784531386683
4.267576562117196 0.08207700632825753
4.4075523072177845 0.08207610580035644
4.547598609949288 0.08207512463301743
4.68772845338016 0.08207402405110448
4.827998520556527 0.08207277884622625
4.968341198285346 0.0820713602362226
5.108759473367726 0.0820697024975247
5.249261586406183 0.08206773065463234
5.389839155998792 0.08206535936236559
5.5304686871853015 0.08206246113561752
5.671132291774872 0.08205886035254609
5.811865557604489 0.08205439096248525
5.952641730711263 0.08204896925853303
nan nan
nan nan
nan nan
nan nan
nan nan
nan nan
nan nan
