35.034068730184586
2.695134858329054
2.298128041924336
2.0806421024982833
1.9472939163776595
1.8606600039957883
1.802894859599072
1.7634085030522484
1.7352898313990968
1.7149550489460055
1.6997885097784995
1.688092622178352
1.6786920427475163
1.670580904763126
1.6630143040142655
1.6557123636393771
1.6485871252093878
1.6415583121538964
1.6343950311633895
1.627031496707801
1.61947278838339
1.6117275960853872
1.6038415450082077
1.5958764582847298
1.5878205311379838
1.5797190930224019
1.5716206056083135
1.5636065601882048
1.5556598413000853
1.5478236520536603
1.5401237439637467
1.5325825737742673
1.5252073473258299
1.5180079477064792
1.5109871220647084
1.5041584323770654
1.4975294181301042
1.491097657730111
1.4848593490555895
1.478806099311572
1.4729337304353805
1.4672222104207642
1.4616838074402243
1.4563148273423918
1.4511149236671217
1.4460704175631958
1.4411761212789629
1.4364278462872921
1.4318177251972146
1.4273385435092618
1.422984683124851
1.4187531499883759
1.4146393749533357
1.4106374065238123
1.4067438957370493
1.4029557985508345
1.3992603316632357
1.3956606192754983
1.3921544877154484
1.388738474724888
1.3854088010253771
1.3821585774116545
1.3789940580197926
1.3759085994639007
1.3728968160100472
1.3699583349372206
1.3670922179928202
1.3642956818117888
1.3615684519317568
1.3589050557825266
1.3563030046593585
1.3537604765957567
1.3512755880023315
1.3488469989117697
1.3464729323895037
1.344151502832487
1.3418817645276944
1.3396621321477917
1.3374914273098462
1.3353677395093506
1.3332898847489607
1.3312617629656172
1.329280650447865
1.3273410305584263
1.325449654734573
1.3235997958080836
1.3217885209966949
1.3200158868397736
1.3182812495858056
1.3165836875767771
1.3149224376587683
1.3132969247437087
1.311706303214163
1.3101494766436796
1.3086259486621161
1.3071344950549635
1.3056749859130314
1.3042464158673739
1.3028482428001402
1.3014792947428253
1.3001390204932368
1.2988266160473942
1.2975411867554933
1.2962828236380861
1.2950506539990831
1.2938438314459928
1.292661642406897
