27.787032454215293
3.898142168964158
3.123459713828918
2.729031763557378
2.490359232549176
2.33015539003012
2.215335461329384
2.129307940128226
2.0627526852047633
2.010013940111226
1.9674206878441032
1.9324914197870293
1.903465323687807
1.879081336510263
1.8583985209824943
1.8407094191388544
1.8254711730878925
1.8122596150120382
1.800736957239986
1.7906350254805556
1.7817384573341426
1.7738711904199727
1.7668881077654028
1.7606716297840783
1.7551238634165667
1.750161436743767
1.7457144391216215
1.7417242064416578
1.7381404514681587
1.73492003735576
1.732025732765262
1.7294254750534477
1.7270913263313792
1.7249989907284142
1.7231271303919067
1.7214567777793006
1.7199713019482037
1.7186559832863397
1.7174976951190912
1.7164843714305837
1.7156054915617234
1.71485123494857
1.714212975765472
1.7136827615601666
1.7132535053682696
1.7129186152124778
1.7126720991033597
1.7125084587742572
1.7124226383794703
1.7124100009961205
1.7124662376127966
1.7125874451432155
1.712770018079256
1.7130105065657504
1.7133059198743743
1.7136532981889827
1.7140500678668873
1.714493720669234
1.7149820212098872
1.71551291803443
1.7160844743233936
1.7166949506914286
1.717342732026033
1.7180263076045093
1.7187445027321562
1.7194959904968208
1.7202798115400373
1.7210949551522072
1.7219405547732027
1.722816007379627
1.7237205161027664
1.724653847971603
1.7256154798623524
1.7266052755562724
1.727622982723317
1.72866866606179
1.7297424193273843
1.730844507619322
1.7319751265695364
1.7331349474894036
1.7343243678222109
1.735544327992268
1.7367956338849468
1.7380790970806115
1.7393958889665047
1.7407473347975901
1.7421348511928136
1.7435601903658888
1.7450251181742786
1.7465316722717614
1.7480821106093043
1.7496788271773853
1.7513244434313398
1.7530217218285824
1.754773713970071
1.7565838630205013
1.7584556494057164
1.7603928580485961
1.762399523193042
1.764479976548735
1.7666386955469535
1.76888052066376
1.7712104183807045
1.7736336110779503
1.7761554364557588
1.7787815595474992
1.7815174247774366
1.784368278739995
1.7873405010363363
1.7904396579427582
1.793671166326302
1.7970402308386886
1.8005517588965163
1.8042101783746325
1.8080191327194435
1.8119822220522845
1.8161022288806365
1.8203802811815886
1.824816959411192
1.8294116171625052
1.8341624911702987
1.8390664967729546
1.8441192340297203
1.849315119582518
1.8546475924604933
1.860107601543064
1.8656856952905767
1.8713710709669187
1.8771525580900141
1.883016965597885
1.8889504477518533
1.894939250772194
1.9009679528919612
1.9070224215529452
1.9130878594154659
1.9191496463230266
1.9251933323372408
1.9312050866650294
1.9371709914523128
1.943079632352511
1.9489197418932078
1.9546806994823849
1.9603532689030219
1.9659294055392427
1.9714021951901335
1.9767646835097243
1.982013656476219
1.9871456841312123
1.9921583016139766
1.997049792040914
2.00181937575579
2.006467338195388
2.0109945349463594
2.015402035278211
2.019691711825701
2.023866234252233
2.027928119490222
2.031880170913422
2.0357255644361945
2.0394675289772803
2.043109674167356
2.046655457970459
2.0501076049270965
2.053469490494846
2.056744202441396
2.0599349007012715
2.063044552784081
2.066076042653961
2.069032086763857
2.071915300157671
2.0747280867944933
2.0774727582533545
2.08015145764163
2.082766310005776
2.085319382230942
2.087812278730366
2.0902465970218502
2.092624268949526
2.094946640834697
2.0972152209468193
2.0994313737423895
2.101596393328932
2.103711859521115
2.1057785141478957
2.1077976195873225
2.109770217008209
2.111697325249703
2.1135800166248107
2.115419211371361
2.1172157841193737
2.11897075237966
2.120684821013502
2.122358951742068
2.123993896448389
2.1255903912921146
2.1271493038163896
2.128671342707395
2.1301572615485624
2.131607773797215
2.1330235675186007
2.1344053176692506
2.135753696802867
2.1370694589473587
2.1383532122842257
2.1396055600332162
2.140827232757005
2.1420187081808995
2.143180708066442
2.1443137505867322
2.145418518219509
2.1464955286578804
2.14754540727255
2.1485686998596845
2.1495659963352463
2.15053782837955
2.151484805953037
2.152407346827705
2.1533060551326395
2.154181465848777
2.155034012498194
2.155864360762515
2.1566728417509395
2.1574600791995344
2.1582265427077596
2.158972677043265
2.15969899817267
2.1604059449010684
2.1610940230158815
2.1617636911952482
2.162415353945242
2.1630494949201267
2.1636665542015425
2.164266985648299
2.1648511574763822
2.165419466068509
2.1659724001261025
2.1665102632119373
2.167033503788605
2.167542576260708
2.168037727713463
2.168519423524025
2.1689880428613937
2.169443855752448
2.16988724882796
2.1703186027246057
2.170738272824574
2.171146492301682
2.1715436777571244
2.1719300802038157
2.172306030611321
2.1726718184355307
2.1730277477262345
2.173374134004136
2.1737112293332634
2.1740393450078304
2.1743585921458846
2.174669415985351
2.1749719558206007
2.1752665950573475
2.1755533990637015
2.1758326908929684
2.1761047044830364
2.17636964473061
2.17662769204531
2.1768791279321644
2.177124079809891
2.1773627784142136
2.1775954230446515
2.1778221676635114
2.178043212455624
2.1782587702258804
2.178468962540286
2.1786739538555655
2.1788738530888763
2.1790689365951508
2.179259297012494
2.1794450368036986
2.179626338772582
2.1798032944458403
2.179976113956644
2.1801448602042632
2.1803096967523046
2.1804706896838337
2.180627964397324
2.1807816790562993
2.180931921072576
2.181078781541525
2.181222314475489
2.1813627151342274
2.1815000262214537
2.1816343168099435
2.1817657243560036
2.181894271148694
2.1820200875131484
2.1821431845445787
2.1822637769738353
2.1823817819326807
2.182497351587291
2.182610554434824
2.182721442056284
2.1828300490017027
2.1829364734909786
2.183040801215449
2.183142993942364
2.1832432118087133
2.1833414312069177
2.183437741924731
2.183532192088986
2.183624810939123
2.1837156411679834
2.183804768763467
2.1838921939759586
2.1839780150876886
2.1840621701266767
2.1841447744114446
2.184225875194673
2.184305442208834
2.1843835743162234
2.1844603123173654
2.184535585518421
2.18460955617565
2.184682193270829
2.18475346455121
2.184823592342509
2.1848923639459263
2.1849599759804836
2.1850263773518006
2.1850916128280216
2.185155704945459
2.1852187007755375
2.1852805849365198
2.1853413708162273
2.1854011751579527
2.1854598922535207
2.1855176214915177
2.185574369735974
2.18563013667793
2.185684971295852
2.1857388718930384
2.1857918251759294
2.1858439198503596
2.1858951088913736
2.185945464911282
2.1859949293031744
2.1860435960420417
2.186091445252286
2.186138491656533
2.1861847050501733
2.186230167241415
2.186274865940484
2.186318871863823
2.1863621466247887
2.186404647408609
2.1864464518562663
2.18648758546672
2.1865280310206217
2.186567780422266
2.1866068754666332
2.186645363245164
2.186683192297851
2.1867203492724543
2.186756942812978
2.1867929018699197
2.186828274493583
2.1868631100959477
2.1868972843652252
2.1869309789857954
2.1869640437795037
2.1869966112279915
2.1870286082281436
2.1870601210412253
2.187091053982971
2.1871214888052584
2.1871514798338025
2.1871809270020868
2.1872098598487706
2.1872383497022314
2.1872663747476446
2.187293917740791
2.187320995598702
2.187347666883786
