0
0
0
0
0
0
0
0
0
0
0
0
0
0
0
0
0
0
0
0
0
0
0
0
0
0
0
0
0
0
0
0
0
0
0
0
0
0
0
0
0
0
0
0
0
0
0
0
0
0
0
0
0
0
0
0
0
0
0
0
0
0
0
0
0
0
0
0
0
0
0
0
0
0
0
0
0
0
0
0
0
0
0
0
0
0
0
0
0
0
0
0
0
0
0
0
0
0
0
0
0
0
0
0
0
0
0
0
0
0
0
0
0
0
0
0
0
0
0
0
0
0
1
6
2
2
5
9
5
5
3
3
2
9
5
8
7
8
1
5
7
5
2
7
5
7
11
12
4
7
5
7
15
13
11
11
10
5
15
15
10
7
11
8
13
12
8
16
7
17
12
19
13
12
16
19
18
13
18
14
19
18
16
10
16
12
17
15
16
9
18
20
16
13
12
14
24
12
20
18
19
21
22
13
16
9
13
16
10
18
17
13
19
18
17
18
17
15
26
12
16
10
20
12
19
18
13
12
15
16
20
10
14
18
14
14
15
16
16
20
10
13
8
15
19
14
22
13
17
14
17
12
8
18
18
10
27
7
17
14
6
18
11
21
14
15
15
11
17
22
19
17
18
13
21
9
19
20
12
13
12
13
17
19
16
12
15
14
16
11
16
16
16
9
28
11
18
20
16
13
14
18
10
12
18
17
16
14
13
13
21
20
17
20
14
12
10
14
13
18
23
18
15
17
16
19
19
13
23
13
12
20
20
20
17
13
13
14
12
11
20
16
15
12
13
16
10
12
16
19
