-6.0 0.09999998761324086
-5.9019312774005614 0.09954073592441988
-5.800711513983129 0.09845766609650888
-5.698095283224667 0.09706867319130813
-5.593884861868866 0.09559701779160364
-5.488035134388256 0.0941853847813066
-5.380612765622333 0.09290396989591562
-5.2717178554302695 0.09176451601462558
-5.161461196041603 0.09076287902799515
-5.049944707011336 0.08988136023785387
-4.937254669150711 0.08910203825404317
-4.823469115811773 0.0884117527848636
-4.708649068939752 0.08779425617076107
-4.592849561676007 0.08724041168545157
-4.476118524140991 0.086742582517103
-4.358494736652283 0.08629173592941478
-4.240017222793014 0.08588354452942246
-4.120720438137397 0.0855145395143862
-4.000633018844329 0.08517890358269727
-3.879785929395943 0.08487382676103274
-3.7582068939349287 0.08459702128175814
-3.635921579569952 0.08434595560028739
-3.5129534232051918 0.08411753973038011
-3.3893289362372516 0.0839104483509395
-3.265071249056605 0.08372314486250654
-3.1402015993840395 0.08355383767743241
-3.0147399951518006 0.08340047667364808
-2.888707380270089 0.0832616803053413
-2.7621241971625827 0.08313639201123076
-2.635009305293185 0.08302347538324638
-2.5073801762733967 0.08292174693239393
-2.3792545698717107 0.08283004034802297
-2.2506497769999867 0.0827473860252322
-2.1215821843538505 0.08267296695360596
-1.9920675967160615 0.08260605678426151
-1.8621212973158208 0.08254591611207195
-1.731758357416877 0.08249184435105034
-1.6009917881183677 0.0824431388474047
-1.469836364827965 0.08239924367711399
-1.3383063255964855 0.0823597253532149
-1.2064127163609801 0.08232417541974789
-1.0741685212144 0.08229223483513147
-0.9415854642276882 0.08226360072794334
-0.8086744720916562 0.08223801198475374
-0.6754424227166547 0.08221517026416093
-0.5419081046845363 0.08219483483609417
-0.4080789145389181 0.0821767031249189
-0.27396023246142936 0.08216048894072522
-0.13956271730422842 0.08214597686309602
-0.004893636156120141 0.08213297551751632
0.13003339642365885 0.08212136396956404
0.26520921763767946 0.08211101972057665
0.4006242019287053 0.08210182573316628
0.5362839614732311 0.08209365255969907
0.6721651680427242 0.0820864446562801
0.8082629185525341 0.08208010748762787
0.944567702912211 0.08207453719946974
1.0810824034200945 0.08206965300487583
1.2178026131453785 0.08206540406553134
1.3547154330206812 0.08206174112563148
1.4918121833870026 0.08205858161615089
1.6291050292263658 0.08205584640300574
1.7665714780724548 0.08205350307313317
1.9041976494106694 0.08205149619704132
2.0419766557335053 0.08204977350080783
2.1799158782966606 0.08204826972071533
2.3180161435244053 0.08204694778065141
2.456264105071213 0.08204578334511621
2.5946603589491395 0.08204474084181086
2.7332036380353104 0.08204379765870307
2.871906825883536 0.08204296799842681
3.010737653887682 0.08204224180152468
3.1497240910231254 0.08204157715292827
3.288830521167122 0.08204095106750207
3.428024908077577 0.08204034544334322
3.5673211395396396 0.082039720266811
3.706768059966017 0.08203905125971521
3.8463341608663284 0.08203835796133876
3.986001452743242 0.08203762409005458
4.125777685652841 0.08203683876919816
4.265659497261777 0.08203599905272196
4.405638480455549 0.08203509834436626
4.545688950945808 0.08203411807854655
4.685820550589721 0.08203301976401539
4.826092895527793 0.08203177721697857
4.966439892448364 0.08203036283469849
5.106861357959835 0.08202871136531066
5.247366902520958 0.08202674783975261
5.387948377841977 0.08202438760103997
5.528582515615518 0.08202150450717292
5.669249804981191 0.08201792367767517
5.809986577867786 0.08201347801278994
5.950768111272721 0.08200808050541185
nan nan
nan nan
nan nan
nan nan
nan nan
nan nan
nan nan
