0
0
0
0
0
0
0
0
0
0
0
0
0
0
0
0
0
0
0
0
0
0
0
0
0
0
0
0
0
0
0
0
0
0
0
0
0
0
0
0
0
0
0
0
0
0
0
0
0
0
0
0
0
0
0
0
0
0
0
0
0
0
0
0
0
0
0
0
0
0
0
0
0
0
0
0
0
0
0
0
0
0
0
0
0
0
0
0
0
0
0
0
0
0
0
0
0
0
0
0
0
0
0
0
0
0
0
0
0
0
0
0
0
0
0
0
0
0
0
0
0
0
0
0
0
0
0
0
0
0
0
0
0
0
0
0
0
0
0
1
0
3
4
1
2
0
3
3
3
2
3
4
4
8
4
4
10
10
9
13
8
14
8
14
19
6
7
7
7
10
11
15
4
8
8
19
10
10
18
14
9
7
12
9
13
4
9
3
7
9
12
6
10
10
13
10
7
15
8
6
12
5
5
12
12
17
12
14
6
6
11
13
9
12
10
9
8
14
8
7
7
9
13
14
12
4
13
6
8
9
9
14
13
17
11
7
8
5
9
9
3
1
11
8
13
12
11
13
10
7
12
11
14
