0
0
0
0
0
0
0
0
0
0
0
0
0
0
0
0
0
0
0
0
0
0
0
0
0
0
0
0
0
0
0
0
0
0
0
0
0
0
0
0
0
0
0
0
0
0
0
0
0
0
0
0
0
0
0
0
0
0
0
0
0
0
0
0
0
0
0
0
0
0
0
0
0
0
0
0
0
0
0
0
0
0
0
0
0
0
0
0
0
0
0
0
0
0
0
0
0
0
0
0
0
0
0
0
0
0
0
0
0
0
0
0
0
0
0
0
0
0
0
0
0
0
0
0
0
2
1
2
4
3
1
3
6
3
2
4
6
2
9
8
6
6
6
8
9
11
7
10
2
9
12
9
8
14
13
6
10
12
7
8
18
12
14
9
12
10
10
11
18
14
12
10
15
15
11
14
18
11
15
12
18
16
12
21
18
12
16
17
12
15
11
13
16
14
15
9
12
12
10
15
18
9
20
17
12
17
14
13
12
23
9
10
16
18
19
12
9
10
11
9
15
14
17
16
10
11
14
14
23
15
16
10
21
14
15
17
18
10
12
15
12
9
21
15
18
18
13
17
13
15
14
12
17
14
20
12
23
8
20
13
22
17
15
14
10
12
12
17
9
12
17
15
17
8
16
15
18
21
15
9
21
13
15
20
10
9
17
12
9
16
17
13
10
15
17
13
11
11
13
8
11
18
12
14
16
14
11
7
20
12
9
