30.970135435798777
5.742424880683457
4.617967260319587
4.060126538226301
3.7214421120634316
3.4920692084317686
3.3260181503661963
3.200349713340192
3.1021996766242665
3.0237252671930372
2.959848635351325
2.907113856423382
2.8630847089815665
2.8259910953028298
2.79451123536817
2.7676372496218997
2.744586908391965
2.7247427944163043
2.7076118661390915
2.692795199264411
2.6799650361193015
2.6688506409741315
2.6592260705538724
2.6509020682579667
2.6437177030439454
2.6375363654832515
2.6322408694449893
2.627730064452513
2.6239166757603245
2.620724685049079
2.6180876280637513
2.6159473151740515
2.6142526145047364
2.6129582940203187
2.6120242865356653
2.6114151308326985
2.6110991277729063
2.61104816502175
2.6112369066148964
2.6116427054719957
2.6122453474167315
2.613026557386407
2.613969928081156
2.6150606229959283
2.616285276869719
2.617631772422866
2.6190892739663303
2.620647690748375
2.6222982192491124
2.624032642015565
2.625843581337597
2.6277243769706917
2.6296689498271903
2.631671730350864
2.633727822189193
2.6358324997467504
2.637981742146728
2.640171750051161
2.642399193698816
2.6446610567120135
2.6469544684962405
2.649277017259848
2.65162648930393
2.6540009170774184
2.656398625609968
2.658818053515117
2.661257966085955
2.6637171650279754
2.6661947780530486
2.668690101759697
2.67120258879351
2.6737318536109713
2.676277730855582
2.6788400983719267
2.681419253467324
2.6840154607158
2.68662937072162
2.6892616334928787
2.69191315382086
2.6945849971968467
2.6972784402141294
2.6999951170620546
2.7027365136290493
2.705504688598537
2.708301697052809
2.711129880070837
2.7139916480894204
2.7168897458718337
2.7198270834063445
2.722806862060111
2.725832238449413
2.7289067018583966
2.7320338932172676
2.735217406712642
2.738461019165672
2.7417686507676247
2.7451441016956326
2.7485914172502914
2.7521141941918477
2.7557162954785728
2.7594011211516225
2.7631722319285537
2.767032724732975
2.7709853488174696
2.7750326724966965
2.779176555307669
2.783418777532977
2.7877604246362084
2.792202070118804
2.7967437246684805
2.801384783774653
2.8061241316620014
2.8109598193392857
2.8158895543951994
2.820910059141621
2.8260176172272646
2.831208001589194
2.8364761591804672
2.841816690569579
2.847223559535214
2.8526903750967656
2.8582103200271924
2.863776181369071
2.869380486184217
2.875015570667279
2.8806734909136265
2.886346381777181
2.8920260789076653
2.8977046675294775
2.9033743221830437
2.9090272619326254
2.914655973333531
2.920253209246887
2.925811704204825
2.931324712411649
2.9367859242454113
2.94218932543985
2.947529303515759
2.9528007880249265
2.957998827799572
2.963119139748471
2.9681577623991
2.973111274383254
2.9779766722321552
2.982751211856026
2.9874327839122667
2.9920195837182577
2.996510350562602
3.0009034577760056
3.0051979671020312
3.0093935235662923
3.0134898909831525
3.01748724003255
3.0213857550491494
3.0251859927114997
3.0288886202308647
3.0324944835705026
3.03600457365657
3.039420168779893
3.0427424931728253
3.045972960239694
3.0491130120127763
3.052164252457499
3.0551280872214934
3.0580063250969025
3.0608006433367967
3.0635127367455732
3.066144375135536
3.068697266419032
3.0711732870012636
3.073574154166549
3.0759016981997025
3.0781575870250117
3.0803436085427554
3.0824615096433843
3.084513000918938
3.0864998021414354
3.08842350670881
3.0902857945959887
3.0920883525469502
3.0938326885893126
3.0955204414225266
3.0971530985604865
3.0987321870087015
3.100259218922828
3.101735648042737
3.1031629139367856
3.1045423934866303
3.105875479700761
3.107163445527597
3.108407713747169
3.1096095263001398
3.1107701284188307
3.1118907594907292
3.1129726121388206
3.114016930249373
3.115024776229394
3.11599736831514
3.116935758867872
3.117840977253347
3.1187141302095354
3.1195562167239386
3.1203682555814454
3.121151225768914
3.1219060557642817
3.1226337051037016
3.123335063185729
3.124010996913632
3.1246623631299912
3.1252899977742565
3.12589473713437
3.126477337159059
3.127038590580527
3.1275792270640514
3.1281000029414923
3.128601512355325
3.1290845585040055
3.1295497880492986
3.129997785944472
3.13042923824106
3.130844714360273
3.1312447861036583
3.131630009692195
3.132000985292612
3.1323582645715318
3.132702245738172
3.1330335273863
3.1333525271175704
3.1336597610048647
3.133955619237911
3.134240585034142
3.134515091053312
3.1347794686385297
3.135034167458023
3.135279549957758
3.135515914447221
3.1357437111638458
3.1359632513093096
3.136174786350952
3.1363787031212387
3.136575239169294
3.1367647485140755
3.136947494479228
3.137123675786477
3.137293646029413
3.1374575892731262
3.1376157504415834
3.1377683640925262
3.137915657135477
3.138057817230874
3.138195080766848
3.138327608063311
3.13845562588758
3.138579202118306
3.138698662791499
