0
0
0
0
0
0
0
0
0
0
0
0
0
0
0
0
0
0
0
0
0
0
0
0
0
0
0
0
0
0
0
0
0
0
0
0
0
0
0
0
0
0
0
0
0
0
0
0
0
0
0
0
0
0
0
0
0
0
0
0
0
0
0
0
0
0
0
0
0
0
0
0
0
0
0
0
0
0
0
0
0
0
0
0
0
0
0
0
0
0
0
0
0
0
0
0
0
0
0
0
0
0
0
0
0
0
0
0
0
0
0
0
0
0
0
0
0
0
0
0
0
0
0
0
0
0
0
0
0
0
0
0
0
0
0
0
0
0
0
0
0
0
0
0
4
1
1
3
1
3
6
3
6
5
3
2
0
4
5
1
7
4
3
5
4
7
2
9
5
7
10
6
11
4
6
6
7
10
5
6
7
12
4
3
8
5
4
4
8
12
5
4
4
8
5
9
6
5
7
5
3
7
10
5
8
6
8
4
10
6
7
3
6
4
10
3
10
12
11
8
8
6
10
10
8
9
13
8
7
8
8
7
9
7
11
8
3
5
5
3
5
11
7
10
8
6
11
10
10
7
9
10
6
8
8
8
8
7
8
10
6
6
9
13
8
5
9
10
10
8
6
6
12
13
8
6
8
11
6
7
8
7
10
7
10
6
9
4
8
7
10
3
14
4
8
9
7
5
7
