40.496277140029974
5.655214850566208
4.510730678879372
3.943105270682092
3.6088141881055726
3.3898390934531846
3.235762478403892
3.12159651608697
3.0335549809571347
2.963446081604164
2.9061203334875993
2.8581542316057025
2.8172179939918736
2.7816919033194822
2.7503895729108563
2.722469724237613
2.6973074962284134
2.674405799431519
2.653397871633965
2.6339941408409953
2.615974386396827
2.5991598914325644
2.5834065188375397
2.568594903136668
2.554626603979269
2.5414196936799076
2.528904271210303
2.517019596828189
2.505714911342235
2.4949456914031516
2.4846723491778278
2.4748591984919757
2.4654754222503015
2.4564932511992317
2.4478869291459318
2.4396336959256772
2.431712372958098
2.424102440587448
2.416787770755417
2.4097520028228074
2.402980336161559
2.3964588444007306
2.390174621942385
2.38411596940083
2.378271946264633
2.372632075304743
2.3671866981300225
2.3619267355265743
2.3568438459324144
2.3519302330565477
2.3471780500651507
2.34258038614048
2.3381304690779734
2.33382213082897
2.329649445434745
2.3256068732626236
2.3216892573538375
2.3178915510278504
2.3142091393341224
2.3106375847831826
2.3071726883435444
2.303810416219928
2.30054704547473
2.2973789355101393
2.2943026987049286
2.2913151010067674
2.2884132628137728
2.285594199883445
2.282854894618171
2.2801928139368486
2.2776053212373175
2.2750900776290357
2.2726447854878047
2.2702672547635623
2.2679553630468
2.2657071732941367
2.2635207234019776
2.2613941830723356
2.2593258164114456
2.2573141020586585
2.2553573809216343
2.2534540007386035
2.2516024451243735
2.249801336073081
2.248049387001989
2.246345234473176
2.2446876925037054
2.243075522167079
2.2415076139977788
2.2399828004273163
2.2384999702141637
2.2370581205070867
2.2356561969985163
2.2342931471219414
2.2329681402569648
2.2316800168190687
2.230427960829011
2.2292109318749334
2.228027975024339
2.2268781343839574
2.2257604298601206
2.2246739172650924
2.2236176100833625
2.222590561350507
2.221591776482343
2.220620129159461
2.219674749985571
2.218754544577073
2.2178584138101924
2.216985408119364
2.216134365075206
2.2153043693704864
2.2144942507024514
2.213703090715024
2.2129297972244566
2.212173492487519
2.211433198868323
2.2107080064942384
2.2099970786261927
2.2092996542325847
2.208614943901606
2.2079422268271673
2.207280972139771
2.2066305215432247
2.2059904553619227
2.2053602374868504
2.2047395356138995
2.204127998912149
2.2035252840588195
2.2029312557441565
2.2023456245669304
2.201768243448464
2.2011989683816946
2.2006377039492144
2.2000844021417407
2.1995389619511827
