0
0
0
0
0
0
0
0
0
0
0
0
0
0
0
0
0
0
0
0
0
0
0
0
0
0
0
0
0
0
0
0
0
0
0
0
0
0
0
0
0
0
0
0
0
0
0
0
0
0
0
0
0
0
0
0
0
0
0
0
0
0
0
0
0
0
0
0
0
0
0
0
0
0
0
0
0
0
0
0
0
0
0
0
0
0
0
0
0
0
0
0
0
0
0
0
0
0
0
0
0
0
0
0
0
0
0
0
0
0
0
0
0
0
0
0
0
0
0
0
0
0
0
0
0
0
0
0
0
2
1
0
1
3
0
3
3
3
3
10
4
3
5
5
3
2
7
10
7
6
7
5
2
6
8
7
6
4
6
11
11
12
10
10
10
8
7
17
9
10
11
9
10
12
10
10
9
11
7
4
6
13
8
11
11
6
8
10
7
10
14
6
9
11
9
7
12
8
8
12
7
6
11
11
11
6
10
8
12
10
7
6
13
10
9
12
10
5
13
9
8
9
10
11
9
6
11
12
7
11
8
7
12
10
7
12
9
7
12
13
14
14
7
10
14
12
8
11
13
11
8
9
16
6
11
19
11
5
4
3
14
3
14
8
10
17
10
8
12
8
6
6
9
9
5
8
11
5
11
8
16
13
13
8
11
13
9
11
9
10
12
13
13
16
8
9
12
10
9
4
6
4
5
10
7
10
10
18
13
5
11
13
10
10
14
14
12
13
10
10
10
